17800
37100
73800
41600
81400
24800
30300
21100
24600
38800
20300
52100
42500
36900
17800
79000
40500
51400
34900
21800
32100
83000
76700
75000
17100
32500
84900
82000
72200
75100
19300
64300
55300
64300
37100
53500
37100
46400
65400
19500
15000
53100
78500
82400
26000
26800
55500
31400
46000
71100
48800
64000
71700
77000
21600
60100
18200
55700
50300
84900
20200
29900
27600
69000
21000
57200
38000
80200
68200
50900
16700
39300
29600
49700
81100
58900
24500
68300
18700
16200
50700
67900
61200
46800
72800
17900
32600
40800
33700
15300
30600
53400
16000
76400
42400
17600
42000
81400
54600
55000
21800
42200
50900
75400
18400
21800
67900
40100
46600
75000
42200
16400
61300
69600
70200
37600
47100
47400
31300
36500
42800
35100
78700
62200
38400
58000
57500
83900
81400
80100
23200
21600
30700
16900
58600
27700
59300
19500
82800
48900
22100
32700
83800
62100
21600
34900
21700
82200
22300
41100
43900
19100
25300
82400
63400
76400
77800
42200
82200
20900
65900
26800
34800
83100
57700
74500
83100
30300
69800
69800
75700
67000
49200
25600
77700
39700
38300
71300
69900
65600
70300
65600
60300
64900
45300
41600
22800
25400
62300
42000
78200
19900
59500
84600
64700
21500
29600
71500
37400
29700
76900
24300
76400
73300
32700
79200
75300
15600
40800
79400
45000
75400
65100
53500
41700
39200
56300
27300
55900
74000
73500
72100
74500
15400
63900
84600
37000
26700
20400
57100
48800
58100
57200
81300
61100
60300
82100
51400
48000
37900
24600
36400
69100
67800
45400
40000
36200
81000
67400
71100
36000
26400
72400
42000
72300
73700
70500
37100
66400
77200
51100
21800
77100
34500
44000
65700
78100
67400
33400
38800
80000
38100
55900
63300
43900
25300
42700
63400
43000
33100
64300
25200
58100
72400
75300
16500
35100
59400
61400
74700
84000
18500
52900
21700
69400
18300
80600
28100
65200
84000
75400
31200
41300
45700
43100
70100
44100
77800
17700
73200
26200
39300
77700
56800
58200
84800
52500
39100
62100
17000
18600
42200
56400
21800
52300
17100
46400
35900
36700
63200
29400
71600
62900
57800
27700
19800
60000
20400
26400
28600
23700
68400
77300
28200
51500
80400
57700
20100
17400
52700
75500
70700
82200
50100
63200
71900
37200
65100
38900
74600
76300
39200
54700
32700
35800
60400
41000
35700
50400
36400
82200
15400
84700
22400
71400
77000
75800
33400
20400
62100
74000
54800
80800
57700
74700
63700
46200
29600
64900
17300
33700
16100
39500
56200
63400
54500
80400
26700
56600
66400
19300
75500
18700
43800
36500
27500
73600
45200
18500
47900
66400
52800
30100
76800
38200
17200
22000
43300
77000
28700
55800
77200
53800
46900
51300
28600
25900
44700
45700
32800
39300
20700
15500
36900
15500
61900
45600
25300
25600
15400
20300
40900
16800
72500
41200
35700
19600
24500
82400
48500
49500
54000
63000
23500
49500
39900
57400
30500
71100
41200
68400
64600
56800
46300
81500
77300
67900
56700
43500
58400
26300
38700
22400
60700
67600
36900
57700
31400
33300
36500
17100
55400
15100
56200
73400
42800
58800
81200
51000
68900
22000
65700
43800
60700
56900
65700
39900
62900
74200
83600
79500
55800
20100
64000
47600
80500
21400
16600
25500
78400
16400
30800
63600
75000
18600
64600
38900
51900
51300
70200
39200
29500
38300
17300
39800
69300
72000
68400
36800
66000
19200
19700
65400
19600
63200
30500
71200
47200
75100
44100
15100
50300
62900
39200
18000
41000
43800
44200
80200
61700
61700
48700
17100
34800
33000
66900
29900
26600
44200
23800
45000
23800
57400
59100
48100
45200
34900
50500
38500
17500
65000
84400
78500
60800
53800
20400
80400
81400
41700
67600
38500
36500
36800
62600
58900
42500
83200
64800
53200
54600
50700
65800
33000
26700
81300
28600
40700
70900
49500
31800
69300
16600
56700
42000
64800
55800
74300
60200
73700
82500
15200
20000
26700
72400
53200
24600
77600
53700
42900
81600
40200
75500
72900
67500
80900
51300
20700
72200
15600
78800
75300
50000
48200
60000
20800
49000
16200
56200
42100
72200
71000
20600
37600
68600
27700
51200
60700
31300
54900
33000
38400
21400
44400
47200
35100
53700
21100
48700
55100
57700
78300
49600
59500
63100
16300
64500
20700
63700
38700
59700
67700
49300
50200
65200
64300
81900
30900
34000
21200
26200
32500
25300
24000
22200
83900
65700
46700
15900
44100
22300
82500
23700
65400
42100
39500
82500
48800
47800
71500
41600
53100
64300
62900
28300
79200
78400
44300
77400
20000
51600
30000
41100
23600
57200
41600
21100
67800
72600
52900
63300
83300
26700
66200
65600
48000
22700
76100
32600
30000
36700
83900
83800
21700
38600
78000
28800
22400
44700
34100
24400
66700
15700
30400
23400
29900
68200
34400
71100
53400
74500
52900
78600
57900
75300
43900
37300
81900
44300
77500
57500
46600
33300
55400
76200
49900
40700
77100
53400
34600
50800
71200
25600
57100
19700
73000
33000
73300
34600
32400
64300
81500
22200
66600
79200
60000
59400
74000
76800
64100
61200
27900
82200
24000
69800
80900
30500
18900
56900
19700
52400
83600
21400
77100
27100
70000
22900
84800
41800
23300
66600
81900
53200
42300
22700
61900
21600
73500
27100
75800
69000
49000
60600
40700
68100
64600
54800
25900
42000
36900
17200
28500
44200
73900
46000
32900
26400
81900
55900
17400
33700
22900
42700
34200
29800
72900
34700
27100
16100
18500
71200
15000
25900
52100
46500
82000
20800
41300
62500
60000
68100
84000
33900
65900
69600
28100
75200
34700
83400
74000
64500
81600
18200
43000
32400
61900
16500
52500
58000
40400
75100
70200
18300
40600
43100
73100
19500
21200
75300
15300
46500
22800
43800
79900
56000
61700
80800
73900
58900
53900
18100
37700
75400
71900
61000
67800
19000
42300
71400
68400
69500
16400
72500
82800
75100
20200
28100
49700
83800
29600
74100
67100
70900
72700
61700
44200
30600
32700
16500
47300
82800
84200
28000
77100
77100
38700
83300
24000
65900
57900
35300
27200
56800
15400
20600
30200
82500
42100
33500
18500
62300
60700
62300
50800
71500
34500
21200
49400
27400
31300
32100
76800
25500
23300
22100
39200
41300
57400
24300
65700
70100
44200
84800
38100
46300
34200
52800
36800
64300
41400
17400
33600
62300
64100
83300
50500
24900
31300
77000
62900
54800
60500
43500
15400
49400
42200
20300
62900
32800
36200
39500
65300
20000
56900
80100
63200
57200
18700
72400
23600
36600
67600
56300
63700
29300
33700
67000
41900
17100
49000
44800
54700
17500
40500
21800
31000
83100
47400
64800
49200
21100
51900
29100
37500
30900
25900
30200
61900
22100
49200
84800
62800
76300
60200
40100
28300
52000
34100
31200
84000
59400
27900
25100
28600
16900
83200
77000
81000
33700
82300
21200
34700
81800
70000
65400
69100
51200
71600
22700
40900
63600
65700
39500
48900
39200
23000
78900
33800
65700
59800
24800
81000
75400
60000
30800
80500
53400
31300
72200
30900
70400
36900
19300
51700
65000
84100
21000
16500
46900
33600
35400
17200
53500
32900
30200
30100
74000
82200
26100
73000
69900
66800
25000
34900
78300
42100
29200
32100
54600
20800
77600
72000
67500
36400
45900
46000
33400
55600
51000
73000
34900
69600
51200
55400
37300
74700
68000
54900
17300
23300
48800
79300
32100
53600
59700
58100
24500
54900
36500
18000
20100
83200
41300
64500
22200
70300
84200
54400
82600
67300
45000
21500
62400
74500
23600
71800
25800
22800
37600
73300
71700
76100
61600
17600
27100
43400
53800
68500
46100
32100
67800
43800
44500
31600
39200
28100
29600
60900
46200
42000
29900
24200
16300
73500
77100
65500
33000
60500
24800
71400
58600
39500
73100
75400
57600
34300
42800
31800
69800
46300
22100
20200
19100
20000
83200
66500
44000
44400
72500
25400
48200
19400
49100
84000
17000
68600
24500
15300
71000
47700
35900
19000
23000
32300
72100
70900
27100
42000
49300
79100
65700
50100
21400
47300
79400
30200
16300
73700
69200
37000
24700
18300
49600
40000
74100
46600
19600
45300
26900
26000
54300
69900
72300
84000
45100
69900
29100
45700
69800
76100
51500
84900
58900
52100
81200
50900
49500
36600
63400
41900
67300
50600
29200
18500
45300
25200
63900
35800
52100
75000
70500
48600
71100
45200
40300
28400
44200
40300
55200
56500
72200
43800
74200
55100
65300
17600
84800
36200
80400
74200
39400
49600
35900
23300
19300
17400
67300
68200
81800
41600
20800
78200
16400
33600
30600
39400
48300
37500
20300
66500
36100
69600
15700
60700
52400
56700
73500
55800
41200
65200
38000
15300
70400
28300
40800
25700
61800
16500
47800
68900
73600
69500
34200
71900
33600
80700
53500
33000
71300
27900
25400
18100
78700
49600
21900
22100
77500
70200
25300
57900
41400
53400
16300
78400
25100
39700
56900
55200
78700
36000
15100
27600
23400
23200
58500
48400
82700
15600
76800
65900
53300
80800
20500
18300
53200
59100
82100
15200
74500
44400
78600
21100
16800
70700
56900
84000
45100
62400
21500
44500
59300
15600
57300
83300
30200
31700
76700
31000
76600
67800
30900
48700
69200
28100
61700
78600
58900
82000
15500
37100
68400
69200
33400
70900
21300
80300
26800
19800
56800
79900
26900
63200
74100
21400
35700
52900
74700
18100
16400
62100
41800
60700
61000
77800
38800
34400
47000
70200
81600
68900
32600
15700
53100
18900
74300
37900
69400
42800
31800
37800
17300
29700
82500
65500
53600
41300
67400
62200
70300
79700
19400
60600
34500
47100
64800
45500
69700
46500
28800
18000
40700
29900
44100
74900
18900
76000
34600
78400
52200
41100
61900
58800
51400
55000
80700
28500
16100
68800
71500
83300
49400
21300
43700
60400
71500
35200
43400
77700
58600
82100
17700
61600
55300
59900
18600
80800
79000
61700
34900
81900
70800
27600
74200
20200
56800
64600
28900
33000
75400
40200
28300
38100
15500
56200
30700
69500
65500
52900
15100
40400
50600
44300
35500
85000
33000
32100
39800
25300
22200
64500
55100
77600
59500
41400
28800
74400
83400
31300
74500
33200
52900
43700
51700
47900
15800
26300
47100
74700
50900
41300
23200
45000
41800
60000
15100
82000
29700
30600
17000
49800
32700
58000
69500
66000
75100
67400
20300
79500
53400
80300
76300
41000
78800
50600
80600
64600
65700
83900
73000
50000
15500
50100
45100
65400
81600
67000
46300
82800
66800
80300
61900
50400
63800
81500
73600
47700
17100
59500
34400
27600
40900
33900
47500
71900
33500
68100
28100
36400
65500
70900
43900
65700
56000
85000
52600
45800
31200
23200
66700
80400
45000
46500
69000
39500
17800
33000
77100
25900
17100
83900
68700
23000
39800
44500
57300
47700
33200
61600
65500
33600
19000
45200
80300
16800
68800
65800
84700
19800
37200
46100
19100
18300
50300
34900
58000
61400
69900
18800
19100
80800
15200
24100
83100
19900
52800
15000
54100
81000
71400
82000
82500
54600
75700
38300
38900
49300
68400
46400
30100
32900
76500
20700
31200
42500
67200
23400
52100
67700
19400
17500
23400
52000
27100
62300
31100
49400
23200
35800
33500
45800
24000
37700
76400
61900
27500
65000
68300
22600
28400
82400
39100
27400
21900
79700
49000
79300
34300
47100
67400
33300
71900
28000
15000
69000
16200
48200
74300
37100
40400
77900
65900
22400
24600
79400
76300
69600
36500
59700
28400
16200
79100
80600
73600
53600
23800
73000
26400
54500
19800
72800
40900
41400
55900
39800
52100
37000
77400
52000
29400
82200
38200
77100
21600
80100
58200
23900
37000
33900
25800
55400
47800
20600
81800
65300
37800
66800
62400
23200
17300
57800
82700
56000
63100
41200
56900
37900
21900
68600
46400
46500
18700
67900
62900
27500
58800
68300
17500
28300
45700
40700
69000
39400
75200
44400
79600
17500
38100
76700
61700
37500
70000
23600
73800
66400
53400
48100
45100
40300
68800
39500
34800
24500
33100
58500
41900
47600
41500
31800
29900
55500
60800
34100
71900
45600
83700
77000
67600
80400
56600
76700
72500
74200
60000
72600
75500
79800
56900
50400
62100
75200
17900
60900
18000
53100
38900
53900
38600
22600
72400
34600
25600
53200
71800
23200
18800
17800
51100
73500
53000
47800
76200
63700
53600
23400
57700
38500
64200
77900
28700
50700
44900
46700
27900
75300
45800
29900
72600
65700
19100
73900
16900
48600
16400
78300
27500
19800
77800
73900
78500
31000
35700
41100
50800
81900
50800
76200
26200
28600
61100
77400
24200
84300
23100
41800
45200
27500
18100
71900
40900
19400
55800
50900
40000
57800
64800
57700
31300
51700
59100
26300
44300
69300
67300
35000
18300
54800
38600
83000
77900
58000
31200
58900
15400
19000
71000
82500
15100
72500
28000
71600
82900
50100
63900
15400
42500
38500
60000
45600
38300
43000
56500
24500
65300
57200
29900
34800
76000
58000
59400
53800
69000
83300
43000
47000
21300
23800
18600
31400
81100
15700
65600
75500
65900
47800
64300
52500
67700
66600
58400
31400
38100
56200
50000
30200
48600
71800
42800
66900
44500
73200
49800
33200
21100
37400
27700
28200
84400
39400
45500
70400
67000
33500
61700
21000
45800
40300
42300
58700
42900
75000
27100
27800
47200
45100
59900
26400
56800
40400
78500
71600
22200
50900
64800
17700
67100
47900
75700
65700
69600
33500
35800
21400
24000
39600
37700
47700
67900
46400
52000
28900
83800
28500
42500
81100
25200
21000
21400
51600
17400
29600
65000
66600
59600
63900
32600
34300
23200
30600
71500
61500
15100
24800
39000
23300
75500
71300
51500
82200
70300
27300
36600
67400
81700
64800
72500
30700
47800
36100
79300
68300
44000
42000
67900
72800
57800
41600
19100
17300
32900
26100
34500
52900
52600
22900
42200
40000
18800
40700
81600
25200
16100
25200
52500
73700
37700
64500
81500
50600
36300
43300
53700
78400
19400
19000
15800
67000
54100
80700
47800
63000
20800
78100
44700
57300
81200
74900
84000
67200
81500
63200
72700
51600
25100
71500
57800
57100
68100
70800
80200
71400
44600
69600
73700
79200
81300
33500
67900
54900
27200
70100
34700
32400
39200
30300
49300
81400
60800
67500
77500
78300
52300
53600
82200
70000
68900
21000
83500
69600
59200
77000
53600
33000
76300
58100
50000
19900
45600
80000
23500
20600
70900
48700
23500
70700
29500
23500
19100
41100
22000
69600
16000
45000
80000
77300
61100
46100
42900
57200
20500
69300
44500
19500
62500
54500
32500
57700
19700
39800
55600
22800
53600
83800
36500
55300
37300
30500
45500
81700
48900
27700
48500
15300
15900
73000
43700
82000
38600
46500
26000
83700
36400
39300
76700
57200
31100
27800
61000
19100
23400
77800
17800
47400
44600
26600
51400
31600
44400
80100
74900
49900
40100
72000
56700
79900
73300
54700
32000
67100
72200
34400
18900
25400
48100
16500
81800
38700
17100
81000
57500
34800
81200
32000
29300
49500
46200
63000
79100
43600
51300
36700
78600
38300
36700
47600
85000
68300
33000
28400
42000
61000
40800
64000
23800
34200
38900
29200
33400
52600
29000
26400
30600
58400
52100
17000
17700
73800
74400
75000
82300
36700
83000
73200
50800
59900
35300
35400
32900
55900
16400
83400
67300
68700
26300
81700
80700
82400
20000
41700
47500
28700
72000
60500
55000
58900
30800
26100
73500
35800
48100
69400
48200
49500
77400
62300
81200
54000
41700
26300
35900
70800
29200
48800
62000
29800
21300
82300
42600
75100
37600
15400
81900
73400
52800
69400
20900
51100
31300
51200
80300
46600
33300
78700
73100
43300
73500
73700
71900
81100
28800
69700
84900
83800
35200
76900
52900
80100
60900
59500
22200
69000
29100
26900
80200
77900
43100
51600
24900
71000
31100
41200
81300
57900
61400
79900
49500
83400
58200
57900
68400
54400
25300
53300
78200
46000
73700
50400
83300
55200
44700
58800
65700
58600
55000
59300
85000
46500
15700
33400
40000
29000
28800
80600
55500
36800
37700
59700
48000
53200
46000
43800
80400
31700
83100
84700
84800
70300
44200
67700
27700
18000
28800
70600
78300
38300
35500
23000
62100
32300
50900
20900
57600
67400
77200
79100
48500
47700
19700
42900
43300
41800
21100
43300
84800
22000
73000
16500
46800
80500
70900
49400
79700
29400
71300
73100
34500
39100
39800
24900
16600
54400
31100
28700
32200
40000
72500
80900
50300
47400
73500
32600
64100
58000
33200
72900
46700
18400
38800
23300
15700
22200
67900
81400
19400
74400
69200
18100
21000
50400
31400
30200
74100
49600
67100
35000
52600
60900
34700
63300
19500
77800
71000
65900
66100
45500
59500
46000
31400
43000
37400
70500
33100
15100
31800
51200
15400
47200
34000
40700
76500
78600
82300
78000
68200
36600
25200
56600
75000
42200
24700
36800
25000
32200
53700
32100
37600
75300
20200
73900
34900
60900
28100
73400
32900
77400
65000
82900
68900
61800
80200
37700
80200
75100
56100
75100
42600
63900
80100
16300
52900
61100
32900
63200
79400
31700
24300
18400
63000
37100
16900
21700
44000
17500
84400
78600
52700
56100
45100
29100
20500
74100
24500
47700
53800
57700
31600
66000
40600
67500
19600
76200
83300
60000
19700
15900
51400
75400
59500
16400
41700
23900
25000
25700
37700
56300
70700
30100
70400
63900
33800
40000
83100
81800
37900
61000
46300
43000
34800
31700
17300
81100
28200
79600
42400
62900
59800
23100
32700
74900
49600
34700
84500
64700
27700
32100
51600
43700
28500
43200
35400
74300
23200
24700
62600
38900
59000
69700
63900
19000
46900
28800
51500
29200
61900
67200
23500
76300
62000
20100
68000
60900
23000
61600
64500
25600
82100
46600
71000
37900
62300
50400
79600
52700
53600
48900
16200
21600
39800
47500
33900
50100
64900
70600
82100
54900
43400
25200
81200
42800
25900
83100
66600
27300
64400
30000
45700
18700
60100
21700
40500
53900
54000
27100
82800
17500
49700
81400
40200
22200
15700
15900
15200
36500
64800
50600
16800
35100
64600
40400
66500
81200
62700
68200
51400
40500
41100
47500
50100
76200
37900
51700
53600
48200
47900
44300
24600
31100
29800
77700
35600
36700
75600
44900
16700
63100
67800
51700
25500
63100
37200
69000
22400
26900
42000
70700
24800
56400
52400
77500
56600
21900
54700
77200
41800
84100
47600
23000
38200
44600
32100
78700
31100
40100
16400
36300
78300
72800
46700
68200
73000
60000
26500
41100
56700
34400
36600
23700
30600
59000
22800
39200
80700
68100
70300
60200
74300
41700
26400
69400
18600
80100
46200
42600
54700
23400
16100
60600
35600
27600
17900
47800
26500
61400
48500
52600
58400
68800
53100
23500
80900
57800
60000
37300
74600
30900
62800
53500
66700
28900
30200
60200
45200
35100
26100
43700
46800
37200
76100
55600
32200
26500
41900
44900
63700
33300
71800
64100
26100
75700
77600
18500
26200
66800
32300
57400
31000
73600
60800
79400
36000
41000
30100
38600
63600
74000
61600
42000
30600
19900
68200
74700
81000
18700
41600
33300
36600
34000
39300
79300
24500
63300
25500
19600
71700
54500
20400
72000
36600
18000
45400
44600
35200
42000
58200
70800
26300
28500
25700
62500
74700
43100
58400
80200
43600
62000
60400
50700
73400
75200
76000
38200
42700
16600
33100
50600
61100
67800
52900
33900
65400
21600
23400
81900
53600
18900
20200
82200
18400
27300
25200
34700
20900
26800
30800
61400
16500
31900
24100
36800
77200
55200
74200
21700
66500
69100
51100
43400
22500
50900
26800
33000
28200
74900
34800
24000
83000
41000
18600
34400
26500
21800
75500
34500
80700
66200
46600
42600
16700
65700
55400
28400
81700
60300
63300
48200
58600
26900
32000
47300
31600
22200
27900
61300
39400
80200
19700
79400
24900
46500
49100
78900
29000
47200
84400
53800
16600
48100
71100
67900
31000
59300
16800
33400
60300
46100
30300
84700
79500
61700
45500
23500
46000
51200
35000
44900
48400
54900
57500
35100
29600
56700
40300
41200
16700
28800
52000
37300
40400
43000
84300
39900
17000
41100
55900
80700
33400
78700
39400
17900
78400
78400
38500
71500
40400
39100
83500
18500
36900
30200
76700
71800
69300
50900
45300
31500
22000
44700
49600
27100
37700
46800
79300
27300
33100
75500
39500
21700
69800
80800
60200
84400
43500
50600
47700
30300
16000
54400
42000
83200
68600
61200
37700
16500
68700
81600
43800
52900
66800
25800
83900
81100
28800
38400
51200
22500
20100
27200
38400
79800
16200
83300
70300
26000
81100
22500
26300
58600
45300
33300
78500
55200
61600
76800
58200
82800
68000
48000
53700
21900
28500
38000
57300
76700
58800
56600
53900
33800
74000
42600
27500
62800
44600
51600
51700
72300
67400
71600
76100
59200
23100
72200
41100
66800
57300
27400
74400
78900
32200
29100
36900
51600
24900
49200
55700
62600
47400
17900
73000
18300
81800
51900
64900
69200
42600
20700
81500
47500
24300
81100
77200
19700
22200
21000
15200
40600
58900
73300
73000
29400
72300
26600
19400
34000
79600
42400
25100
82500
65300
53900
76300
55400
22100
46100
79700
50400
25000
65700
23700
70800
69900
33300
63100
33800
49500
79400
76200
40500
19400
63100
20200
22300
73900
49300
75300
67700
47900
17600
26600
31200
51700
30200
51100
46400
23100
76800
73400
64500
20900
40000
79600
45700
72900
16400
82600
46000
70400
69900
37500
28300
49300
22100
64000
22200
71700
54800
75500
25000
41900
36800
45500
27800
81400
68400
75500
21700
42500
79300
60400
18000
72800
17300
69100
28700
47800
68900
58800
61200
38600
79900
67900
64900
50800
81600
72400
60400
35700
53700
41500
37200
67500
73700
81100
23900
67600
65800
68200
74000
49200
27100
17700
56200
36500
82300
80800
51600
74400
56400
40000
38600
42100
22100
41700
63000
43200
56100
71800
67600
40300
59000
23900
73100
37200
78700
27600
50200
69500
67400
18500
53400
83100
75000
78500
19500
69200
67900
52800
30500
58300
25900
79800
60700
76600
63200
42100
20100
82400
18100
16600
19300
60200
36200
46700
61300
44800
34600
43200
31500
48700
17600
38600
49000
71800
84200
20000
42600
56900
17700
63900
83700
43800
79000
21300
44900
30600
63200
40600
62100
24800
52700
81500
65700
66500
38500
21400
22200
48400
43200
32300
63300
39200
48000
25000
40300
70300
26300
69800
22200
52800
20200
39500
66500
48600
22600
19000
31700
67800
34400
28500
41400
48800
37500
19600
34000
52200
74300
50900
24400
20900
59300
34100
30300
29600
54100
81000
41400
82200
51000
39800
68300
47200
49900
44700
83600
64900
37100
40600
35700
67500
39800
79800
61800
68600
50200
69300
30600
54500
40400
84700
29200
16200
80200
80100
46500
78200
79400
57900
32900
67500
18000
51000
21000
33400
53600
74300
58200
72000
16000
71200
27800
33000
75500
84000
64400
15300
35000
60000
62000
72400
42800
24400
53600
79400
61600
33600
26600
46000
64800
79900
63100
44800
82700
52200
26100
47000
35400
72900
80800
18100
55700
19500
23300
74000
80100
26400
46000
60000
22000
21300
30400
76700
46600
32400
71200
59700
68200
78800
51000
36500
54600
23100
29600
25600
50700
81000
70700
15600
70100
80600
55600
41800
40300
28000
47000
49500
69200
56400
62100
48700
79000
57500
74700
63700
66900
48600
25200
59900
40300
79600
75300
19400
63200
68300
31600
16100
15100
38000
64700
34700
78800
71900
44100
59300
37100
45700
65200
39600
34100
16700
24700
73000
56900
31400
72200
20000
64300
19100
66500
19600
82700
76500
80300
21300
19500
29900
26300
40600
19900
47800
49500
43200
55600
16900
42200
52900
76500
63100
40800
30900
20800
60600
63300
30400
17700
15100
50000
49100
39900
35200
32700
42500
74900
21600
40900
53400
66500
36200
62200
72300
18200
76800
77000
38200
83100
63400
75000
80900
22300
49300
46400
73000
53600
79700
21900
44500
74200
68700
58900
75000
61100
32200
48900
74100
49600
69300
76400
49300
52000
60900
36100
16700
39700
59500
60500
29600
32800
23600
72600
69700
31800
34300
51000
83800
30100
26400
18400
39800
83800
71000
47800
78700
75300
46600
33100
64500
72500
83600
41200
36600
16600
50600
21700
26300
16500
55300
51800
78300
54400
41800
56600
73100
54800
84900
37900
80300
52500
21200
43600
64500
63100
43200
47100
29100
64100
68300
26000
71700
63100
46600
37900
23600
60100
73400
34900
29800
63200
71600
62500
61700
50100
20400
48500
73600
47700
39700
60900
72400
20700
24900
69200
56600
67700
52200
24300
29800
60100
82900
60600
53600
50100
24500
15800
78600
84300
42300
77400
60300
36000
73300
42800
53900
70600
50200
67900
84400
19600
78800
38300
51100
70600
52100
47300
28200
34400
60500
53600
35700
31200
15700
82300
21600
67400
17500
57000
44700
33700
65700
32300
40700
46700
66700
82300
25900
84800
62000
34500
50000
76600
17000
27900
21000
17000
17300
51700
43300
36200
43000
77900
81300
16100
41500
30800
63600
19600
48700
23100
21000
31100
38500
70000
63700
74200
19000
30000
82500
47000
73800
65100
40500
70300
21200
21500
16300
71500
67200
81100
81600
27800
46300
71500
47600
50300
44800
38600
36100
52800
28200
61700
30300
28400
20800
27400
26600
82300
57100
64000
61900
77300
41800
77500
32800
73800
36600
83800
61900
78900
68600
34600
68400
77800
37300
45400
75900
72200
78700
84400
49700
77400
15900
53300
33800
42200
80400
70200
35100
32800
61300
42900
51200
51100
71800
49300
82000
61200
69800
79100
48200
73200
21700
60700
37400
35500
59800
20300
82600
82000
65200
33200
61500
43700
31300
60900
31600
62700
53000
59400
18400
41300
36300
77100
69100
75800
27700
63100
29100
26200
24100
54800
27700
85000
76800
57200
75000
40200
48100
71500
55000
66200
81400
75900
35200
61000
68100
46300
65300
71300
68000
57900
62400
40900
46000
74300
82900
22100
32100
75100
74500
66800
60600
67000
32900
29800
50400
37500
59000
70300
77200
70500
28200
40400
82200
71600
76200
21400
26800
78200
25100
18000
18400
19200
71300
38700
73100
26500
77600
69200
36500
27500
24100
28000
78800
50400
25900
18900
60000
28500
40000
24100
61300
36900
31700
52500
26100
45700
44300
34400
74600
42600
56800
41600
72900
69900
43200
38700
47200
36000
41300
40200
72800
67500
82600
77100
60600
47100
27800
51800
61200
80100
23400
61600
24300
42200
15600
24600
22300
62100
66600
73400
57600
18900
63600
46300
59900
47900
47400
65500
69000
83600
62600
50300
69500
60300
28600
60700
80700
17200
57900
64200
27200
34600
19200
80900
72500
16500
26300
17400
42100
27000
66700
77900
20400
70000
69600
74100
25500
31600
38300
37600
67500
15900
53800
19900
39100
84600
72600
70400
62500
28800
20100
68000
18700
72100
65300
62800
76800
62200
25300
68200
61000
62300
54900
19100
70800
82300
43600
80100
76300
71000
52600
74000
47100
67000
73200
29100
60100
62900
24000
40800
75000
19100
33800
82800
39200
56100
42400
84400
48300
78900
77600
75000
55000
50200
30300
51700
22600
26900
44500
21600
26900
38000
43200
30400
82600
20700
58100
21100
16900
71300
34900
39400
71300
68100
74300
72200
49400
80500
45600
20800
73800
27200
42200
22000
73100
69800
50400
67700
74600
27500
23600
84200
78900
56200
70500
28900
39600
46600
76200
71000
79100
56500
82000
63700
39200
24900
22200
84100
61600
25500
65200
34400
26000
25900
77700
84500
19600
23300
20200
34700
67700
74500
26000
44200
61200
85000
66500
74900
52100
52500
32000
19700
18600
83500
59000
35300
47800
69100
20300
16700
21500
42900
26400
36500
21100
60400
76400
55800
48400
27600
25500
49000
52400
57500
72500
65700
68900
18000
17500
75100
37700
32500
21800
83400
67600
83600
64700
40800
42200
48300
67600
51100
72100
57900
49400
44500
63600
79800
77000
21900
19900
25400
61600
19300
48500
17900
41100
62100
28100
37900
83200
16400
41000
63700
33900
70600
46100
61600
27200
34100
56400
57400
82800
35900
20300
26900
15700
35600
77600
20000
65300
17700
64200
53000
31000
35500
63100
57500
67000
47000
74800
49200
81800
73900
44800
20900
31800
38500
72500
32400
71100
46900
31500
20600
26400
45800
42000
60400
74900
36200
44000
72600
50700
33900
65500
45800
60700
79400
57200
34400
84500
23200
19200
25400
81200
84900
25600
71300
77500
48200
38600
37000
68000
55100
29500
79600
21100
48600
24800
18800
20000
26500
84800
20200
60400
28700
19400
66400
16200
16300
25900
52400
49200
76600
60800
33700
36900
34600
59600
80400
68400
38000
62700
82800
24300
64000
39200
15700
62800
20700
20800
45500
82400
36700
74900
53200
30100
52000
40700
50200
84900
42600
27700
34500
44600
33800
25900
72400
32600
75300
59500
24700
40600
77300
19800
49500
27800
56000
79200
53400
45100
59300
72000
58200
37600
18900
50700
64200
37500
80800
60600
75600
53900
64000
24400
16700
18400
15200
18500
75100
27700
40000
34700
16200
79900
15500
33100
49900
31100
74000
74300
76200
38900
36600
64300
36700
34400
74500
47800
58200
49900
73800
82500
26200
46100
60000
40900
20300
18900
19600
20800
66400
23500
84100
21900
20000
72600
35000
35300
26400
17700
39600
73600
55600
75300
68300
41900
62300
72500
25700
36600
68100
43600
49700
31700
50100
77400
30800
62000
82200
15500
78900
55700
63500
52600
50000
57900
68500
72900
25400
46400
72600
43700
53900
84800
55000
71700
62400
45300
49100
72800
45700
67700
22200
41300
64600
47500
20400
84600
58000
60100
79200
27100
31100
71200
48800
53100
29000
60200
77300
82900
55400
75400
77500
55200
55400
77000
68900
53400
26900
81500
20400
72600
62500
57800
25800
21900
44500
22800
22800
72600
60000
49200
82900
25700
46700
74200
75500
70500
64300
30900
74900
80500
22500
66200
84000
80500
25900
84900
40600
15700
20700
57200
26900
21600
43700
31400
37600
34400
52000
24000
32900
69600
51200
61600
65300
58700
47500
21200
22100
52800
77900
45900
57200
65600
57400
20900
27100
60000
20700
64100
83800
26000
27900
65100
71300
83000
50900
30300
77200
40700
21300
66400
66800
60800
19100
56100
68200
79400
28000
46100
74100
51000
44600
79000
58000
28300
83700
37600
18700
73700
77100
68900
74200
38800
60100
55300
75400
18700
59300
70600
33000
42400
69000
46000
17200
81000
47100
53400
45500
69500
24100
50100
81400
28700
73000
44200
45300
20300
38800
35800
42800
78400
49900
73600
41200
54700
28400
42000
32000
37000
24300
67300
50300
43300
84400
40100
55600
25500
26600
60200
82200
46000
40200
61700
16700
78100
57800
83300
44800
68400
37800
82000
40700
62100
68000
77100
48500
45500
39300
77500
16700
79200
48600
17000
79100
78500
84300
31700
16100
46900
65900
56000
25900
31700
48000
40300
16800
38200
24300
85000
71000
35900
65300
23900
61800
71900
62600
20200
71200
37800
48900
37700
65400
65400
76200
53400
71300
41900
33400
64400
26400
53300
80400
77100
37300
52500
19800
59000
26600
55700
75600
44200
72900
33000
35800
37000
31400
28300
58500
84900
61500
80800
24000
58700
31600
72100
69000
39500
83700
71300
56000
58500
48800
77800
31500
84700
51600
80400
82400
33900
62200
60500
46600
39400
43300
28900
78000
60500
46000
34700
23100
69600
18700
23300
42900
79400
51200
48200
80300
24900
20800
59000
58900
38200
42700
33600
56700
81300
78600
65000
23700
37900
63900
73400
80200
32200
78200
25700
56100
42300
36300
17200
47000
36400
46500
41300
30100
22400
73300
46600
22400
59800
84900
24200
84700
32400
58100
76500
42300
32700
47400
82100
33000
43900
60000
63300
82000
52800
44700
26400
80300
53500
33000
47700
51200
27700
79700
33500
31600
22800
58700
59200
56800
66200
46900
82400
49100
31400
50600
21100
37300
34400
31200
67500
70900
18800
21900
25800
34900
81600
68000
81100
77600
55600
45000
77100
25100
27900
59300
51000
23300
30800
36100
57600
24200
29000
53300
30500
70100
67900
68200
83600
60000
50000
40400
48300
60700
19800
18700
55300
24400
52300
15500
15500
35000
52900
37500
65700
47400
55300
39500
44100
48800
48200
32000
15500
59100
73300
55800
66900
38100
76500
23000
22600
35500
50100
61400
52800
35600
83000
37500
27900
43300
34900
82100
62000
18300
67400
44900
69600
25200
57500
55600
27300
26900
32400
33400
42000
29700
39700
24100
34100
52500
16900
19300
32600
42600
46000
25300
21400
77000
52900
68300
18400
53700
43500
32100
74300
18700
83000
84500
19300
44700
34800
44900
37300
71000
52300
40300
55000
31100
77700
81900
45700
35900
84600
19800
39800
82000
25800
38400
79900
61100
17200
50000
83000
21600
27200
26100
19100
26000
18700
76200
55700
49300
71200
79900
58600
38700
24800
81700
43800
42800
63400
72800
25400
22700
44200
23400
77000
34300
79400
52700
23500
41200
79800
71900
67100
71600
41200
37600
55200
69900
83200
65700
62100
54300
60800
44200
64000
52600
39900
38800
59200
58800
15200
44500
70500
43800
36600
38300
28300
61700
42500
69600
80100
55900
39700
61200
28000
56400
81700
45400
71900
74900
52600
30100
74500
56300
45800
74900
58000
63000
26200
62900
49800
61700
72200
43900
43900
49300
65600
28100
70100
23900
19900
53200
51900
60100
36000
77100
18800
39100
27700
81100
65800
35900
37800
54500
16100
42500
29700
56700
20400
37700
83900
73500
50800
57900
75700
84100
81900
24100
19500
80900
45900
81100
68800
27100
49200
40600
59000
66200
25700
32500
16200
70500
42300
73700
76100
26800
54800
16700
68100
70200
45500
64600
70400
31600
73100
63400
43700
55700
33900
21200
18600
84600
56800
30100
28300
84700
63100
65600
60800
39800
26600
36200
67400
29500
53500
80100
43500
36300
73900
46100
48000
50300
29500
51600
73300
66600
45000
29700
52700
71700
52200
75600
48700
65200
75900
55200
61700
58300
78900
50500
19800
68700
64800
57600
44400
55700
46800
38200
44700
50400
48300
18200
74400
31900
67900
61800
29900
65400
43600
27100
30100
71900
35000
30500
15600
39200
15300
34700
74200
81800
51000
38700
18700
65000
53200
79400
60300
39500
33200
49500
50800
53300
57900
50400
81600
34200
22600
66100
82900
74000
67800
52100
30500
52500
60300
45700
17400
51100
73200
46800
50200
54800
77700
62700
22900
45400
75700
44500
56200
71500
23600
54100
80300
31200
60800
41800
16500
51200
31500
74300
38300
34200
81200
59300
75700
28200
72400
51500
82000
32900
49800
32500
57600
43200
60400
71500
74600
72700
81700
48800
26400
62400
72200
51600
56700
61100
71800
15800
77400
69800
33400
56400
42700
60700
18700
44300
72600
83200
34800
20500
35700
84700
63500
81600
60300
52300
22100
42600
49100
64700
76900
63600
33800
69300
27200
47200
42100
83300
17200
43800
53000
49700
73600
46700
52500
83800
69400
46000
82500
15700
37300
40800
53000
46900
80400
51400
70900
60600
57900
76900
33300
15600
74700
38200
77200
42000
37000
24300
38500
31100
37500
17800
18400
15700
57700
79500
77800
15000
48400
80300
19900
44900
23300
72600
40500
74200
18200
30600
70200
15200
72600
55200
59300
67600
25200
66100
68800
78400
21800
75800
41600
78000
81100
46700
28000
49100
20800
20500
23300
28200
55000
40500
52800
20600
60100
42400
27800
65100
15900
62300
77700
58500
26500
26000
56900
42300
29800
45700
41300
27300
82900
16900
29800
78100
54300
66800
32300
49100
76200
50000
49100
78100
27700
50700
39800
65800
29400
83200
41300
41000
73800
76800
42600
27400
56700
28600
42200
77600
80100
79900
85000
22100
17500
26900
44900
79100
65000
28000
61100
72100
53300
77000
36600
83800
81500
24600
54700
20000
38700
19400
40600
15600
72000
64600
69100
57400
19300
33600
66700
19600
81700
49700
71000
66000
62300
29600
35800
80800
43400
54700
43000
74100
38700
31200
70900
36800
21600
78300
68500
79500
70700
15900
45800
21700
42400
23200
83700
37800
24500
57500
69200
53500
71500
20500
72000
71700
72500
47200
53000
54200
21000
45700
63400
20000
63700
37300
63700
77200
40700
48800
78700
31300
80700
28600
52400
20000
59500
80300
62300
77900
35900
20300
16500
47900
45800
84100
37100
18000
52600
36300
69500
77500
35200
16900
52300
65300
26500
84100
53300
67400
80500
74800
65600
17600
17400
80400
28500
26400
44400
79100
43600
64300
59900
19100
67700
34500
68600
76600
73000
36400
41600
63100
30900
62700
61000
24800
78600
48300
19000
53200
42600
29100
70500
39700
74600
56500
75100
20300
32800
66900
23600
18300
21200
66300
71700
28200
23200
69100
63100
41600
51500
50800
20400
75500
45900
85000
52000
68100
58200
32600
45900
38700
63700
76200
29800
31200
17800
25000
36900
72300
56100
55900
78600
30900
44400
84600
40000
67100
74100
33900
21900
47100
46100
40100
51000
46100
49500
74600
31700
45200
52000
70300
47200
62700
59800
66900
61700
39700
58000
84600
59000
32500
49700
42200
37200
31300
73400
18100
37800
39300
31100
27400
68300
73300
23300
73100
73800
15800
71700
71600
19000
40700
50100
29100
28300
78800
58600
82600
37200
21100
52200
44200
73800
71000
65500
33200
31600
84600
34000
32500
20600
21500
22700
31000
43100
57500
34300
23400
50000
20800
21600
27000
27700
47000
79900
60600
21000
31400
44600
19000
32300
57200
41500
33200
77100
52900
29400
57000
57400
61800
72800
32400
23900
51400
51000
82700
35400
27700
48900
79100
53400
26100
56400
73900
74700
80400
17400
77000
64900
31400
57600
16100
80900
27300
55000
25400
65600
84500
58100
60600
69300
25600
35100
20100
25200
77100
54400
18000
55700
59100
49600
39300
76900
46900
83800
52900
22100
85000
40500
15800
70800
26200
84600
28200
61000
82100
78100
15700
39300
41100
28800
23000
67800
18100
35900
74400
40500
25800
62900
51600
62700
70300
77300
81200
72700
71200
23100
66500
36900
31100
22800
62000
23500
15600
55200
71400
45300
27500
21600
62000
38300
47800
22600
16100
61500
60000
16400
35000
33600
17400
34000
66200
27800
59800
34300
69800
43800
79400
50300
48700
32900
84600
31500
27800
64500
37200
16900
47500
58500
61500
39000
34900
31300
22200
63300
42100
15900
81800
81700
30000
74000
38100
51800
67000
55400
19400
35000
44100
70000
50400
21900
71900
56000
30900
84400
60000
28900
67000
50300
43300
65500
83600
20800
42600
49300
27000
36500
19100
36300
76500
52000
47500
54800
32100
59700
45800
23100
76900
51000
83600
64200
35400
75300
78400
53200
81800
69000
70600
77700
49100
57700
28000
24900
60900
54400
35600
17100
55100
76800
56800
58100
26500
48400
59300
75200
75200
77300
30700
73600
31600
28200
56100
83100
23400
29600
58200
45400
40500
71900
34400
18500
77100
21300
38700
34800
79200
72600
29400
34100
30100
61800
62600
25500
84700
80800
24700
54200
30900
54800
17700
69200
25900
40800
33800
52500
79000
50800
48700
19300
60000
80900
43800
47700
31700
63400
19000
26600
32100
70900
59100
21500
77200
60400
47000
77500
17900
43600
55600
69000
27700
84600
58200
62000
29500
50800
43200
42800
44200
50500
18500
65000
20600
57300
46200
80300
59100
30100
53500
61300
35100
27500
42300
45100
43900
82400
19500
46000
73700
46300
33600
35700
71300
85000
72700
28200
64200
34700
72900
18000
17900
56000
41400
49800
62100
22200
32300
36800
71100
67700
38100
79100
47600
77200
54200
64800
71000
62900
65600
45000
65100
78200
74100
56500
35500
53500
48200
23300
47100
56000
80800
40400
24800
30700
33900
51500
46000
61100
30700
31800
37400
77500
75600
35400
18500
67100
77200
78500
24400
16700
17500
27900
40600
37200
37900
28400
17600
34400
20100
26800
15800
85000
45000
15300
30900
15400
44800
33800
62500
48800
75900
19000
31100
65300
30900
45300
25900
67900
82400
81300
45500
20500
74400
15100
21800
16900
61700
72000
40800
30400
58300
77500
67900
42700
17400
36200
83800
65200
47400
65700
82900
52400
24100
63500
58300
47500
83500
24100
49400
73500
80000
49700
77700
68400
64200
49200
50800
52100
53500
68600
35600
22600
53700
33700
41100
42200
66400
61100
24500
16300
78000
55200
26100
83600
37100
66400
85000
50500
51800
52200
61200
38100
45700
54600
45100
59000
43500
54900
18500
83600
31600
25500
23500
36400
66800
54700
45400
68900
57000
84700
17000
23700
84300
73500
52200
44200
33400
62100
26500
52200
77500
32800
27000
48100
44000
29100
73600
36400
44100
36200
22400
60500
55000
51000
84800
58200
76700
50000
35600
73600
71000
44300
37200
70600
51100
24300
69300
56800
58700
37300
57500
51000
22200
16100
43200
61600
59000
44900
77300
82500
67000
69500
80100
35100
62000
24900
44200
68900
38100
50200
42700
34100
53500
46700
30600
48700
69600
37100
61200
27700
22600
55000
67600
52700
28600
55100
73000
51800
20400
16100
44900
30900
34900
65200
74600
20700
28400
70400
31500
63300
48200
25300
78300
46800
42300
75400
47800
50000
65000
17100
57400
34000
36200
27000
62400
60200
34200
15600
27100
30400
63300
48500
84300
52800
66300
67100
84400
64200
34800
52500
58500
50000
30200
62700
36800
49000
71900
73000
46900
51100
51900
23500
42700
31800
30800
47400
27900
75300
77000
40000
71600
58800
18700
65200
67600
79400
47900
25600
18500
38300
46100
61500
23800
67900
67200
30200
60900
32200
58300
79800
75500
65900
83800
18100
76600
16700
41700
18000
16200
84100
43600
35900
56400
31900
53600
16500
75500
43800
67400
36900
76900
47500
33600
24000
15700
65000
47900
69000
44600
50000
19700
38400
33000
79800
17000
64300
42600
19700
68800
18800
54400
69500
30000
36200
34300
26400
48100
42400
62100
23900
69800
30300
79600
20500
77300
23800
51000
60800
75700
56700
37600
30600
46200
49300
60200
84900
80100
79700
68100
41900
58200
49500
24500
67300
62300
48200
43000
74700
49400
48100
15500
44900
79100
18800
46100
17100
21700
50100
64200
71600
78800
32300
16500
50500
52700
26400
33900
39300
59700
34900
19300
55700
26200
67700
29000
68200
40700
21100
23600
46100
81500
79800
74400
69200
40000
24400
57900
69200
78400
51700
59400
75700
40400
16100
70900
74100
84800
55500
52500
38000
32200
23400
74100
33000
43600
25300
59100
80200
76700
48000
75300
54300
75200
71700
18800
46700
77800
18400
32100
69500
51200
31700
63700
23900
74600
55100
46100
28200
81700
79000
68800
47300
51900
76700
67000
55700
35600
44600
64700
40800
34400
77600
73900
77300
21800
69100
22200
33100
42100
39500
41800
57400
57600
20100
70300
27200
71900
82200
63400
32700
35300
29200
78200
51100
63900
39700
45000
68900
36000
43700
64400
18100
60200
29500
61300
75900
36800
81800
81100
53100
47700
76000
46500
71800
79200
72800
58900
24300
53000
34200
58300
29000
24500
67300
69900
42600
30400
17400
75000
29600
17100
33900
18700
20300
72100
41000
40000
19200
31300
19200
24700
60100
42400
68100
20900
63800
17700
67200
83000
33200
53200
42100
44800
17900
60400
32800
67800
50100
83500
48500
73500
45600
61900
23200
16100
62200
83800
31200
51700
80800
62700
50000
54300
61900
70500
54800
55300
34900
83400
63100
38100
58800
24800
39100
69700
51100
82300
36100
34000
30900
36800
41100
37700
38600
63800
57400
36800
42300
62400
69500
85000
68000
77000
39900
54600
20700
66600
42000
75300
72400
17800
78400
51500
76800
83100
50600
29300
33700
55200
33100
22400
47800
76600
16700
74400
72800
64800
56200
51800
19200
37800
17300
51400
29700
19400
61600
81100
23000
84300
18500
38600
32600
62500
72000
51200
60700
30400
84800
81100
19400
75900
45600
75600
66200
54300
68800
65500
23900
45300
50700
30500
74100
26500
48400
57600
42700
79900
31300
26500
62600
84000
39800
35400
40200
69900
72300
50700
30900
53300
51500
69200
20400
55700
28300
58100
28200
59700
57100
15000
78000
77800
74400
77800
21100
70700
36700
70600
31100
64900
35100
81900
37500
80900
16600
76000
84900
58100
81100
45000
16400
71700
58600
80600
22200
40100
64700
45100
17400
76000
58600
31500
24500
22700
70100
26800
33400
53300
73700
33700
24700
26000
52600
64800
31700
82100
78800
19800
23600
49600
75300
42800
39700
46600
49000
84600
37200
65200
63200
80300
46200
42500
35700
16000
47500
72800
15200
41500
63000
48700
27900
45100
84700
28900
19600
20800
44200
47300
61000
35500
16000
82000
84200
18600
46300
24200
42500
41500
72100
56300
60500
45700
52200
51200
58300
37600
26400
66400
38400
78300
22500
36600
60700
77200
64900
17700
74400
17100
51500
68900
19300
30000
26100
77400
78900
59100
22500
37000
69800
33900
52100
37100
15200
74500
53600
58000
59000
46900
35000
34400
66700
34000
50600
24100
44700
51100
49500
69200
23000
32800
35800
82700
40200
22200
21200
65100
69900
82300
59900
42600
25300
21400
65900
57600
15100
44400
72200
29800
84400
82500
19900
53600
76300
63400
54400
60900
77600
62500
59100
65700
19700
80100
45200
20400
67900
60700
42200
35200
67500
84800
68300
68400
66200
82700
76700
30300
52200
36600
51200
42600
56500
41800
66600
21800
30100
18100
16800
52100
15000
24000
55800
52000
65300
34400
35800
71200
51300
51300
46000
55600
39200
32300
64400
64500
28700
26200
67500
79200
18200
54400
22000
37200
20900
35200
20900
56100
32800
83600
53200
73200
74800
50700
35900
32700
36200
29100
59200
26300
15900
28200
32100
43300
42100
59200
38700
32900
20300
30300
50400
58900
25500
77700
25500
27500
36900
16400
33300
57000
53300
67100
36100
76500
68600
69700
42100
66600
32700
83700
75300
82300
52900
44300
59700
17800
52100
71400
47100
28900
68800
73300
49300
19500
50700
84800
72300
36600
52000
56600
65800
63200
22800
15300
23200
25000
47100
65400
67700
83200
67500
76500
16600
73300
66900
57500
70700
54600
63800
56700
49500
23000
45400
69300
17100
28500
81000
76300
60000
20100
46700
50600
49100
81600
23100
35600
53200
82700
72200
80500
25500
48400
62900
46700
75200
73100
31000
48600
24300
43500
72900
20500
43800
59700
53200
18400
29000
38700
83000
20200
77000
41500
62800
31900
27700
37200
43600
29600
81200
80100
76300
34300
61800
71100
16800
84500
21300
83400
31800
37500
45300
44800
44800
71200
62300
53400
27500
76700
42300
44600
55900
84100
82300
50500
61200
41600
34000
17300
19900
42700
65600
84200
62700
40800
47500
76000
81600
44800
56500
69300
73700
71100
74000
29800
43600
22400
35300
47200
28600
54300
58300
58600
34000
58700
36000
25000
58300
53400
42700
39800
19000
59800
57700
16600
70000
60600
64300
20100
64900
78800
30300
38600
56700
16200
83000
31500
51700
26400
36000
71800
66000
65500
21900
31400
16500
46100
33600
29100
61600
82700
65300
84400
60300
17600
65300
32900
38900
57200
55100
75400
21800
69300
79300
58200
51300
42000
22800
33300
63200
38800
48600
54900
36200
61800
48100
81400
65900
77100
70500
21400
25000
82300
48300
16000
66700
35500
29300
50300
35300
63300
21400
84800
17900
64600
51300
23000
53600
66700
54600
45600
67000
46400
75600
52300
83200
82300
75000
16600
30200
45500
23600
24700
84900
55000
37200
82500
51500
71200
28000
79800
36100
16800
59800
68100
56100
58100
71800
58900
60900
25800
18600
82100
75800
20000
40900
15900
44000
58500
46900
18000
83100
72700
32800
33600
44700
80500
32300
60500
85000
77700
48200
16400
45600
83100
70000
81200
71300
76200
65600
34100
66000
65300
79800
61600
60300
84500
30800
66700
78200
22100
48400
50100
37400
45900
55300
53400
80100
59400
16500
72900
55400
43400
30300
74700
51600
56000
60100
29300
82600
77400
80400
81500
20700
18300
53500
56000
54700
33300
40100
58000
28000
51700
39400
36600
30300
80500
39800
62900
38000
50400
70600
41700
41500
64500
66000
47600
46100
61600
22200
33700
23200
79500
47200
29600
24100
46700
42000
63600
15600
78200
42400
31200
44900
47200
47100
61700
76700
76700
58400
19500
21500
20800
77500
22400
30500
53800
75300
17100
57700
23600
55300
17100
57900
47700
57600
62700
26500
67700
41100
24400
78000
81800
30300
27600
22200
82800
70000
51400
20400
48600
62800
34700
48500
23000
49200
75400
62500
22200
41200
62700
39500
17700
39600
58500
45000
61900
38300
30000
20000
64100
21800
49000
23600
69500
26900
69500
24700
78300
25700
79000
67500
71000
64200
80500
81000
44700
79200
28700
61400
70200
34500
80800
70500
62300
18300
41800
29700
40400
65500
51600
28200
30200
33200
76400
82000
53200
55800
58700
64000
20000
18600
17200
52000
56400
58600
40600
67300
35700
55300
54600
71600
27300
26100
56600
53100
58900
38300
78000
42000
72600
57500
67500
83300
17000
26500
72600
61800
34700
71700
57700
22000
24400
80000
63700
39000
69400
65500
33200
51000
79700
72700
66900
28000
74900
46200
39100
84100
38000
50200
44600
70300
63500
42700
26500
19500
22700
60000
72500
60600
40500
26000
81700
33700
57500
68800
83900
42100
26900
48900
17900
42800
21000
57500
42700
63700
75700
81300
50100
48700
58400
25800
25900
21900
30400
46800
69100
20400
17300
74500
58800
47200
54400
48000
22500
25400
46900
22900
50400
40500
63400
56100
22600
32800
49900
54300
76000
44000
59600
70500
20800
44000
35200
79200
21400
42700
61400
49500
67200
53200
21300
81700
22800
29200
40700
59700
29800
66100
16300
68200
18300
32100
24100
76100
28800
75700
71100
65900
41900
80600
61500
78800
84200
49400
33000
82800
24000
68500
35800
24900
72400
54700
59100
55600
48200
69100
77300
76300
34100
19500
16000
57500
38200
33800
78600
54100
20700
70400
76300
19900
75700
71900
67800
33500
33000
59300
73600
49400
59000
72900
41000
37100
62600
45800
42100
47700
63100
18300
26800
59200
67600
83800
84400
40000
75900
57100
28800
49200
40200
37400
20200
43800
82000
72500
48300
41300
42900
33700
75600
39600
46900
16300
27800
68700
79600
25700
23200
15100
78600
73600
50800
25200
41300
73800
34300
20200
34500
49600
51300
53600
28000
21300
76600
71200
64700
58800
72700
50200
54200
23400
47200
80500
19200
83400
26000
59900
32100
33400
42400
53900
53000
52700
51000
66100
22600
36200
81500
73200
35800
45000
82500
18100
32000
57600
49300
44300
57000
62400
81100
37300
34200
38300
16200
24800
84800
64400
55600
31900
50800
48700
49900
24300
43600
34300
25300
85000
66100
30200
35100
55900
16600
15300
46800
67900
47400
20500
70600
47900
37400
73700
50400
68500
42400
70100
53600
52800
20800
83400
34400
43700
17300
29900
49100
50200
26100
41800
36700
34700
38000
21500
70500
33100
43600
50300
57500
81000
44800
74800
61700
69800
35500
32500
75300
44900
42900
68700
63300
17800
54100
22700
82600
33100
81800
40800
78800
52600
33000
65100
46000
67600
50100
26200
69000
71400
46600
50500
33300
80700
81700
46000
32800
63200
41200
15300
68600
32200
44100
55500
45100
73900
64700
37100
34100
83900
72500
37200
46000
29600
36700
43500
16400
71200
60700
20300
67400
37200
47000
15700
82900
44000
76200
65200
70600
37800
16100
63600
39500
25600
73500
26900
34800
56900
38900
73100
73800
83800
24400
17900
19900
83500
50300
62200
60800
53800
68100
27000
20500
28100
52400
49300
42800
76000
65600
60100
32800
61500
76300
34500
33300
35000
73000
38600
16000
59500
36200
30600
27300
42100
80000
80000
82200
59900
64900
83700
65500
31600
19400
20900
76000
78600
74500
38700
62100
30300
30900
67100
63400
45600
59800
27300
82500
30200
47900
54200
25300
28600
78600
26300
24000
27500
47900
66400
46600
75500
42200
39200
24200
66900
52300
70000
58300
52700
15500
62300
57400
82800
20200
59400
54700
20900
59500
64700
30500
61500
70600
63200
15400
40500
38000
28400
74100
31000
37400
61600
67200
74800
76200
21100
62900
63300
83000
31400
80300
18000
61200
81100
64300
78900
78600
81800
66400
22000
54900
38000
32900
32900
26400
82000
81200
27000
78300
27200
59700
33600
70700
36100
60500
37100
47600
33500
29800
45500
43400
61800
15800
29400
33500
27500
57100
58300
66400
59800
76100
40200
54500
37000
15000
22300
62800
69200
65800
52200
56400
65200
18200
31300
59900
26600
19300
44500
29500
75700
63100
70600
70400
16300
84300
32800
80200
27000
74000
24000
79700
47400
72200
29400
37600
73300
45800
49400
50300
36100
22800
60900
82100
57700
32900
33600
60600
71400
84800
48700
80100
64300
53500
42400
26900
47100
79900
34000
22000
72500
43700
74300
83000
54300
46900
66400
52600
67400
31400
63600
32800
69600
60900
58700
26300
27000
63700
18100
72200
24300
30500
65600
29700
35800
30400
43100
72200
45400
58200
39600
23300
34000
76000
30000
79000
68200
59600
22100
67900
27700
23700
63100
83100
32000
36700
30700
42500
77500
84900
62300
29200
19900
32300
58000
50100
82100
44200
46300
48900
40500
15500
59900
57900
65000
64300
25500
65700
60500
40500
76000
36800
68900
35500
37800
78100
65800
25900
18500
51200
40300
62600
25900
64700
71900
40000
30100
42600
32800
69300
59000
16000
43900
25300
21700
25900
46600
42900
24600
32700
84100
59700
23500
32800
52100
49000
79600
45800
74200
54600
39200
38400
82500
58100
29700
71100
34200
83600
55600
22100
67500
33600
67500
52200
36500
47000
17000
31300
33700
43400
56900
49300
67400
78200
65100
48700
51300
24300
83200
54600
72900
25100
78400
74000
17100
59800
42400
17000
35300
79500
19300
25400
36700
43800
43500
20400
63600
36000
69700
28000
62100
20400
83500
36300
17300
18300
56400
61300
36300
40200
15600
68000
55500
42800
57900
64100
47600
39400
77500
24700
78500
24700
40500
42200
83200
35800
49300
71900
51800
23400
44200
15200
16000
36200
54400
66500
34600
80700
79100
69600
42400
47900
31400
48200
18000
66900
77300
36500
21000
82700
75400
30600
45200
64500
27500
71000
39400
81000
58300
17000
33900
50500
15900
84700
73300
67800
33100
50600
72200
59700
44800
60400
52800
49100
44800
27800
82400
65100
26500
84200
22900
66400
73100
19200
75800
29900
29500
23000
50700
33000
45200
46600
79400
41100
80900
34800
62300
39700
38100
49200
79900
75300
55400
42600
18300
20100
20800
69000
50400
30300
77300
32600
73000
46900
39200
63700
51000
72600
19400
63700
56800
60200
17100
32600
71500
28800
81400
67100
41800
53800
41900
57600
30100
35600
35400
78600
78200
82600
49400
62700
46700
39300
49200
83200
41500
40200
49100
19200
70800
25300
30600
38800
21600
53500
55000
82000
20000
41100
50400
39800
28200
31500
62700
26400
47300
52500
70900
37100
51000
49600
79500
37400
61300
81900
46400
79500
84000
47900
70500
25600
63300
57400
57700
63500
72300
19700
31300
66700
81300
27700
63400
19400
55000
37000
31100
53800
68000
76500
76000
64200
80000
69400
17500
27200
61000
37400
64800
23300
32400
35000
83400
70500
33500
39400
55300
26400
33500
69100
27200
50900
85000
73100
23600
71100
16600
27000
34600
43700
27400
79400
66300
55600
26400
47000
81900
59000
52500
63000
54200
82100
65800
78500
16300
21500
55900
25100
76100
49200
28200
46100
55600
37000
69900
32100
62000
60100
51500
32800
60600
71600
20000
34900
76600
78200
37900
49600
81800
63800
49900
17800
30300
42400
50200
35900
68100
51900
15400
26300
62700
39400
44000
74600
43800
74100
82100
47100
66700
18000
32400
70000
60200
76100
79400
24200
45100
65500
26100
49800
62400
55000
72200
70900
60700
34900
17300
23400
69500
53100
30300
31500
31800
34800
19500
41600
16500
58000
83900
65600
15700
36700
57500
20300
68300
21800
35000
25500
23400
46100
16100
26400
29000
24100
64000
80700
78200
84100
21100
52000
55800
44200
69300
69800
19200
28300
55000
20900
69000
41100
44600
20900
28100
32800
81200
47300
40800
68500
58800
29700
55600
77300
18900
46700
82800
75400
36500
42700
50800
18200
53000
76300
50000
33400
81300
64900
50400
72900
29200
72500
47100
24500
73300
66700
22300
46500
28900
47800
57200
28400
15000
61000
52800
27100
53100
52500
69900
78400
45000
23600
31400
47100
76200
25000
54500
23300
35500
63500
47300
67500
65400
78500
39500
39000
49500
65600
27300
29600
44500
37300
84900
37900
53700
21100
44000
74700
46600
70500
61700
58900
59700
37600
52500
41900
55400
73000
48900
84900
55100
50800
28700
27300
79900
39500
29400
52400
67300
62400
79800
37300
77000
44900
36800
65000
62700
71100
73600
64000
48000
33900
49900
40100
82100
16200
27200
56100
46700
80500
37500
29400
76700
18000
53400
73100
72200
57600
18500
80300
37800
24800
82000
64800
64500
31600
65400
34600
64300
84600
68200
33100
44800
15700
49800
27300
63900
53800
39700
48600
15000
62700
66200
22200
63700
35500
73600
43200
78700
47800
20300
54300
72400
25600
24200
21600
28900
78200
56100
54100
19100
65300
72600
67100
34500
66800
23400
84500
24400
31600
52200
70700
51300
36100
48600
40000
65500
16200
16000
80200
84700
44400
35400
62300
36800
34200
62400
17700
23300
36100
77300
66100
16000
65000
77800
29600
53900
69500
71500
15500
32500
66300
35200
57800
38600
58600
58000
35700
50100
54400
65300
68500
84300
49500
80700
19600
45000
43200
61600
42300
73200
41700
54800
74700
20900
84600
63900
29000
35500
68500
66800
55400
64200
81400
67500
77700
23300
28500
50500
84500
53700
77400
50100
20900
17900
29200
79900
46100
55000
15800
42300
40900
54600
48600
83800
64600
67200
29200
28800
40000
49500
70900
80100
53200
67900
81100
31000
75800
70200
63100
75300
64100
28800
36400
44200
60200
24000
72000
44200
63100
20800
41600
26200
41400
18700
80300
15800
79500
39900
77800
51600
49200
31400
45700
83400
21000
42900
82800
30200
68200
21000
77000
60800
62200
15300
81500
82300
32200
79400
80600
58500
16400
33600
72500
40600
24600
47500
27300
75700
29700
31400
77800
29100
15000
40300
75900
17300
76900
31900
84600
62300
79000
21700
56800
60000
26100
41100
70700
79600
50800
23200
48900
39500
15500
54700
22700
66800
67500
24400
25300
17300
54500
42600
41500
84300
43300
61600
58800
70000
26500
62400
37800
37200
31800
43400
76800
75300
20800
81500
31500
17400
55500
81100
70100
81600
34800
29600
78000
34200
31900
38600
78800
71800
62500
25000
83100
16700
78600
72500
40800
78400
32900
75900
37400
56100
34800
31500
50600
61200
59900
16900
51600
71300
29300
32800
23500
38300
48800
25400
71700
62200
16500
77600
24800
32200
40700
51500
82300
68100
65500
41300
55500
33400
46600
57300
49300
53300
80700
51600
26000
65700
26400
43500
18400
84600
23300
29000
77400
31500
67400
74600
16500
76900
16700
59500
35000
25700
69700
73200
49400
72200
74800
64800
74700
80600
31200
75000
76300
60800
51300
70300
47600
29000
75900
44800
23100
83000
43500
62100
67500
48200
83200
42200
45600
28900
74700
33800
84300
78700
37900
55600
19200
49700
43200
70700
75700
77500
23300
45900
18300
41300
82600
44900
24700
28100
57800
61700
70200
81300
31100
67500
81900
24400
78400
50600
65800
76900
19400
51900
41800
50800
33300
62200
35700
70300
58800
58700
23000
52200
17800
62100
54700
53500
47600
44100
52100
32100
79000
55000
65500
54900
61400
78100
75500
33300
19500
53100
82200
47400
65400
79400
37200
77300
36900
52700
18800
47100
29900
80800
75300
75300
32100
71700
77100
43400
62600
56600
24200
38700
31000
41400
57300
61300
72600
53800
17300
79100
82300
83200
82700
23000
72600
77600
62500
21600
54000
16900
64100
46600
61100
57900
69000
35900
15200
67300
25800
54300
42300
71600
54200
29100
45500
76600
72100
24100
49700
17000
52300
33900
48600
76600
66700
76300
69800
41200
52000
81800
71500
43700
60200
79700
18300
63400
74600
76000
17200
49400
27400
72800
70700
46700
82600
25600
62100
32300
58900
40500
77200
77900
53700
42400
59500
40700
35800
64100
44400
17300
77000
71400
38100
56500
20600
65800
78200
19400
20800
35700
56100
35100
55300
26400
65500
42700
59500
18300
57600
40200
34300
32000
36700
29900
63800
38400
71800
53500
25800
79400
81900
69700
62400
58600
79200
83100
60600
29100
32800
32800
45000
70000
76300
66600
72100
34100
37700
81800
81900
30700
26800
48300
26800
73400
40200
42400
81300
17300
24000
50300
35100
55200
28500
57000
42000
39800
39300
29700
76600
25100
52600
79800
48600
33300
36300
28600
15000
55500
66300
17300
63600
76300
37500
41500
79800
60100
25000
53400
83000
62700
44200
48900
25100
46000
25600
35600
22800
64100
84800
23300
28300
46000
79100
47200
70100
16900
57200
79300
63600
47600
37400
83100
30300
73100
54700
76100
18500
18900
40300
22600
23000
47800
29400
56200
76500
32700
32600
85000
39800
76700
22800
82200
23300
51700
66000
26000
72500
78000
17900
66500
45000
74300
48500
70600
44000
62500
79200
54100
49100
26300
66400
39500
30900
55400
31900
41500
55400
62100
74000
63000
43900
50500
60300
16000
56300
66700
82400
72800
40700
79900
29900
20000
80300
52700
28700
46600
83700
36500
34400
43500
43100
63700
65700
52300
64800
81300
20500
40400
74100
40900
47300
45700
63800
32900
27400
53800
67900
18300
70000
54800
24200
37900
38100
67800
68800
54900
34700
53700
55200
78300
44500
41200
40300
33700
27100
63300
40600
54100
35900
66600
33100
16400
60500
35500
66700
79100
70300
76400
82600
30800
66000
17900
59500
61200
21700
31100
48900
68800
68700
44600
63000
60000
64300
37600
67100
41100
69100
75800
76900
71400
76400
43600
65500
54600
82100
73300
28600
46200
83300
33300
60000
50500
75500
35300
84700
66200
63400
82100
73800
62700
33500
82300
67800
83800
45500
84200
71900
47300
42700
37700
70400
43800
25900
44900
49900
20700
27300
79300
74700
49900
84500
34000
31400
66100
34900
68600
50500
41500
78700
75300
50600
31300
72200
40000
23700
81400
47700
26900
84000
34500
64900
22500
26900
51600
44900
79800
80100
81100
80100
21800
61000
69300
45000
44800
43100
42300
24200
54200
61300
72700
54900
26800
32800
40900
44900
50100
57000
78500
83300
28300
54500
32100
63200
37900
54000
66700
21100
22600
53000
27100
26200
40300
75100
61300
63300
59300
51600
42200
60600
16800
50000
83500
70400
58100
65900
21500
45900
35600
34600
49800
15900
47400
42400
70300
41100
69300
44300
76900
76100
38000
32800
36300
82000
62700
29900
33400
63900
68300
34100
46700
51900
58900
66700
48700
59900
58000
74500
79900
42900
72000
35400
45700
84100
42300
25900
32800
70600
23700
76000
74800
68800
56800
79200
17400
79900
50200
58400
37300
36600
50100
55100
29800
32900
73900
54200
33500
30700
57500
32900
53100
32500
82900
26300
81900
59700
65800
55000
69600
72300
46300
82800
56800
75400
63200
53300
26700
28200
34600
22400
78300
79700
76000
61200
62700
55800
31500
48600
26400
79700
40500
57300
51500
41300
80000
18600
37600
30400
45200
79800
29000
69700
51700
66000
77300
31300
84700
71400
71200
67900
31800
61500
39300
82200
55700
39600
74700
49400
74100
34300
32000
59000
41600
81400
67800
39200
17900
27000
77600
60300
63000
72800
54100
58400
18500
23900
27800
21200
40700
54000
75900
42900
28700
28900
51900
49600
16600
43300
75700
76400
41100
17000
20000
56800
35300
58600
58000
29500
79000
82800
50700
28300
15700
46100
69800
78400
63400
69400
73200
45000
27000
56900
41600
76300
68700
23500
65700
33400
37400
81600
65000
23700
66800
74000
30800
84700
82200
51000
75900
22200
78800
46500
32400
33300
33600
67200
20400
21500
77800
72000
83700
21100
20800
31400
28600
73100
80900
81700
28800
61500
67000
83600
84000
64000
64000
61000
44600
36300
54200
63400
52400
42500
65600
62900
76100
61800
75800
77300
31700
55600
41500
37200
55300
27800
82900
58400
76200
67200
82500
80900
43500
27100
18100
21300
68100
33300
44900
78400
84600
63700
37800
78900
57400
22400
67500
63900
69900
31900
67200
25900
46600
46000
75500
25300
51400
49600
71300
15100
60800
57600
43300
16000
69500
56000
63400
31500
69700
25600
28000
83500
29500
64200
44300
78600
64400
26900
15700
28500
56400
63400
51200
30100
36600
32400
48200
27500
74300
39300
37200
32300
29000
77500
48500
43400
57100
18900
83400
73900
83600
69200
55900
15400
40400
20200
18000
52800
36000
71500
63500
53300
17700
54400
44800
20200
26900
82400
28500
63100
19100
62500
22800
17300
78600
40000
28900
17300
22000
21700
19700
24800
27800
18400
67000
63800
72600
22400
32800
67000
84500
51800
24900
