15100
19200
11400
17100
16000
12000
18200
18600
17400
17400
18700
19900
12300
10200
12100
15200
10100
18700
12900
13700
10100
16300
15900
12000
13200
17500
15700
12100
18800
14800
19000
15800
14100
19100
15900
17900
11400
16100
16100
14600
16100
15000
15400
16300
10200
20000
15000
10600
12000
17200
13800
11700
10300
18800
15900
11300
10800
18900
15200
10100
18300
19100
15900
17000
14300
10700
14600
13400
17700
18000
13500
14900
10300
10100
10500
15300
10300
15300
19200
16200
11700
18900
14300
13300
17300
16100
19900
11300
19400
14700
11400
17100
17700
18600
16100
13900
18400
17900
18100
15200
12300
12500
18800
15900
14000
12800
11400
14400
16400
18800
17000
10800
18700
10000
10700
18700
16200
11000
18000
10700
13400
13400
13200
10400
14000
12700
10600
17200
17100
11100
13300
13200
14700
12200
16100
18700
13600
19800
14300
18500
19000
13400
16400
19800
20000
14600
17700
10200
10000
10400
18900
11300
12600
10800
17800
11400
18900
14100
17600
15000
16200
19500
15100
19500
10300
19300
20000
12200
11400
14200
12800
13500
11200
13100
17000
15800
18500
12700
16500
14100
14400
16100
15600
10500
12700
12700
14300
18300
12900
16100
17400
19100
18800
16100
19600
10000
12600
16100
17600
10200
16900
17100
12600
10800
16100
13600
19600
15000
14300
12300
17800
15800
13100
19500
18700
15100
16100
15700
15100
11100
13800
10100
10200
20000
15500
18000
15800
10100
10100
19100
15300
18600
20000
19500
19600
10000
11800
10100
15200
14300
18900
13100
16900
13100
16700
15400
17400
15500
11600
13700
12300
16800
19700
16900
18500
11000
11500
19600
17200
15800
16900
17900
19200
10200
11900
15800
13500
11800
18900
16600
11800
11900
19500
17000
15100
13200
13900
13800
18100
10000
11000
19100
15600
18800
14900
12200
13000
19300
14100
19800
10600
11500
18900
15900
10100
10000
14700
11100
16800
13600
13100
10800
19800
11800
14700
17900
10200
11900
12300
15300
13200
12300
17400
17100
13500
13700
18300
19800
18800
19800
12400
19200
11700
18100
16500
15300
13400
17900
16000
14000
19900
13200
16700
13200
11300
12000
14700
11900
10700
10600
16600
11600
13200
14700
17500
15800
18500
12100
12900
13700
15000
15300
10700
12600
12600
19700
12000
12900
19600
12700
16300
19600
16800
16000
14700
11800
10300
13400
16300
14800
11600
14300
19100
12900
19200
14500
10500
19800
13600
12300
19200
14500
15200
19400
19800
15900
19600
16200
18400
13100
18600
13200
16600
11700
12400
19400
15300
15700
16600
14500
12300
13100
14600
18500
12200
16500
12600
10100
18900
11600
13200
10800
14200
14700
13800
19200
14100
12500
19800
14900
12400
12300
11200
15900
10600
15600
13500
14400
11900
16400
10700
11500
11300
17500
18600
11400
19100
19700
16500
13100
18600
16200
18500
15000
12400
15700
16200
16100
12100
15700
15700
18500
14800
15100
14100
16900
11400
15300
15900
20000
19600
10700
15200
15900
10400
16700
10500
19500
19300
14600
19800
15400
13900
15100
11500
11200
12900
11800
11600
16200
11800
19100
15700
15400
18900
20000
18900
16100
12200
10800
11100
10000
15700
10000
13300
19500
14700
18800
10000
11500
16000
16300
16200
16800
12100
19200
16600
17500
12500
11500
15000
20000
18500
15600
12800
17700
19100
16800
14600
19300
16100
16800
17500
11500
18900
18900
14700
18400
13800
19900
13200
19300
20000
12200
10900
16800
19900
13300
15100
19400
10900
11800
15700
19500
10000
16800
10300
11500
12300
17900
10100
19100
13100
19000
18300
12300
11100
14900
13400
13200
13200
16000
15000
14200
20000
11100
16600
16400
13200
13900
17300
14200
14300
12800
11200
11100
19400
14500
10100
13400
18600
18000
18900
10700
19200
12500
17300
18900
13300
10600
16700
15700
17400
12800
13500
18800
12000
13500
10900
20000
17200
12300
16300
19800
14800
19800
13500
18100
19500
12300
12200
16100
19500
13600
11100
15400
11200
12200
18800
19800
12900
11600
16100
18300
18800
18500
11200
15800
11800
14800
19900
11100
16000
11800
17500
10800
17000
12700
17700
19400
15100
18200
11500
16800
19800
11100
12400
15100
18400
19900
15200
12200
11500
15600
13800
15200
14100
15700
13800
11300
19400
10400
13400
18600
19200
17400
11700
17500
10800
17300
15700
11600
10600
14500
11200
13900
14100
10800
14900
12600
16500
10400
12800
13600
13700
18200
10700
16400
18500
11600
17000
18800
14400
10300
13500
16900
13000
11800
16000
15300
13800
19000
17300
18900
11800
13800
16600
14400
11200
19100
15700
11900
19100
17100
16000
13800
10000
10200
17600
19100
16100
16200
12400
15500
13200
13700
10500
15700
14300
14400
13100
14400
16000
14600
12000
17900
18400
17400
20000
13500
19800
11800
11900
15600
11700
14600
14800
11300
11400
13000
10000
15300
10200
11500
18600
15600
17400
11100
17300
19500
11500
17100
17500
12300
12700
10700
19100
13500
18900
10700
15700
15900
14900
12700
19100
20000
14000
19900
16300
12600
16200
11600
17200
13200
18300
17600
19100
12800
11200
14500
13400
10500
18100
16800
14600
12400
16500
10900
15500
12900
10400
13200
16400
11700
19500
14800
11000
18400
12500
16200
18800
18500
15800
12600
14800
17600
13200
19700
19800
10000
12000
15400
10500
19100
18000
16800
19400
10400
10200
15200
12200
20000
15200
13600
17300
17300
18200
11600
18400
17700
17200
10000
15000
14400
17600
10300
16100
16400
13100
13300
19100
19400
17100
13800
12500
13300
15300
10200
14900
11100
16400
15300
10400
19300
19300
15600
11600
14600
12200
17800
20000
18400
11300
16500
17400
15000
13700
16300
19700
13700
14900
19700
18100
12900
17800
19000
15000
16200
19700
15100
13700
19600
18700
17800
12900
15000
18000
10400
12800
10300
10900
15500
11600
17300
11600
18300
18700
16800
13300
10500
15200
16500
17600
14200
17400
12200
15400
17900
19400
17400
11500
10700
10300
10300
15500
12400
16600
19500
16600
12600
19200
13100
14900
16000
15000
11800
12000
10400
18100
19100
14100
16000
12100
12000
16900
10000
10400
11100
18900
14500
13300
14800
17700
18900
14400
12600
17200
12500
14600
18500
15500
19300
16200
14700
16000
18000
12500
13500
10000
10700
19800
15100
17800
14600
15500
18500
11300
18900
12700
18600
17700
18700
10100
12500
11300
15800
15500
10600
10200
12200
11700
13700
19800
11400
16300
18800
20000
12700
17300
13800
